1
0
1000000001
0
90
0
999998327
0
34650
0
999243251
0
17153136
0
600927047
0
465511707
0
126570096
0
996752490
0
5492649
0
738828083
0
518480286
0
66719443
0
90224197
0
596897904
718493589
561986933
0
10957245
317431742
217942892
817836370
860920496
256969269
361967589
985552045
258897180
146438706
562854688
540537053
244273160
727655540
553011230
754998351
459220777
359159977
660210691
245508759
741051021
24444713
551207605
79285591
308803861
892653403
554250221
433306872
595711599
500828951
871253597
714784649
351715452
985606735
765340529
954207822
450247841
526998168
706464219
9162823
753258439
776116355
153820875
792966518
14787487
586025826
691174914
444359701
66714587
938385519
199250257
978423768
907591897
293613877
800035942
433329274
780276130
956834467
289975394
902694103
560956741
828473459
993930783
101203208
861697521
65618333
18399855
902698345
229655017
609295748
592982400
479470710
734258189
236748679
749432068
339250096
345792704
195287241
162147884
804576735
9033088
905090600
338261774
11003574
4022906
338702281
197204862
50774121
910146001
439146782
324481752
332440169
583528760
857404828
298347215
251375988
818012676
496890229
527027988
247489970
996056081
697608754
146832913
391953942
645698353
301445752
440368241
64378173
87024332
244000576
194764380
966121898
874574013
363087264
884191098
560785722
177844977
243686294
384370269
393454976
343525844
462122483
52228076
256239514
468067415
621634745
254076662
919161865
930836696
630592877
749492132
329206725
272204655
725239014
834979561
714494382
676520887
104016213
716537936
525455939
391117399
360099952
827160785
928866573
852249435
26842506
816066306
352797253
320546992
122905051
967739847
982678707
480485943
799671192
819092206
326457085
19273427
145685339
133485766
151753247
737088498
849522341
755168713
595952717
291035508
811925841
901913451
359617190
555860749
586556220
877034762
62543681
181186557
111179800
925946642
270703104
856383767
592507256
965135672
863581514
557523080
624385394
875994216
857471512
409725106
728685216
909833626
593896151
212302646
55075381
111918897
367597885
356670782
259318037
208834499
434455889
125563940
981436946
8887591
309712340
846437164
302233943
513274266
520049156
111812680
715762334
346457629
15412426
585150438
903082223
889400417
859600877
879511802
465355719
701658027
480857878
450277156
263753113
342437120
360702010
984310943
106453490
256919147
561937152
616626662
492697025
228391659
891067703
336489404
207517917
591232276
247673257
750161163
127105766
990529650
63239229
44532084
828498944
599260860
200631062
189586443
372496897
839415662
924532546
585217783
390574781
440421140
749850383
551669772
942602275
361942978
538322104
591875207
570930047
908437442
406191853
174181654
364831663
610602731
414653750
622608779
724252726
599765764
650478506
140879670
70883302
241533892
164904521
784067104
624878316
837899993
880567054
317553152
111792604
83006352
218690548
368656616
5315036
386038295
115629188
773779149
77847747
123034405
946926288
42329832
495136696
475077528
272976650
41411670
903834712
621135208
915013795
648803222
499096780
886319165
570759924
778176981
541987740
281684808
753214702
355434250
272933095
666836353
429961469
836740182
875820950
253991069
114498840
810688239
954520048
824153191
476573287
852537732
827488836
464068960
625652284
655393119
439919790
589811712
608928815
723588688
183000386
16426768
853912560
907487184
238747044
651992932
93684521
563690599
474811751
775306220
976001688
352830882
992245547
589775507
481675752
104033575
645100341
336306799
40875429
869704119
613328179
762455257
927455546
385622620
835996425
649409056
518172894
792464992
994145595
23974171
596746644
708247668
313735689
432227375
978516256
978499592
317645773
330630210
703546475
134308419
585076836
173395669
261224998
858150450
405775949
3399853
915492839
614661579
610365107
374899372
934879451
411202558
751741015
449838211
956795731
970891662
120367058
989657014
671445451
787613574
424840907
66034733
719049881
996723990
200681068
131547132
644533917
880182214
536869587
628593819
5464719
433648040
224702319
817545960
916717843
968095702
931700928
943076377
579868755
523217170
127368931
113651380
606566538
944366833
90929463
948159215
541362762
365382388
785161141
513550963
673283825
275046115
701772592
347271733
35295791
166097618
777540138
967910146
443280362
842325575
520921672
199797396
749125114
469756683
480316438
84513196
780148029
282748220
13313610
820191999
373219334
838710964
777543847
354330761
803393348
935138722
328766874
370205358
813678497
191400040
869545205
506662815
984270855
265822714
394741992
279001769
755848148
827475927
447813188
465706556
918843346
308120051
884487165
856187071
818760249
542687525
61558543
592664969
164338989
20110169
185998095
555557013
819279220
259252148
301783846
362849833
695477262
630797670
340320399
762646755
207782621
274394789
284183853
398309735
169268694
874242561
374849110
480963860
907190713
621265651
637355055
104982490
5250614
330447138
246162691
366594880
55958411
828946083
468876329
783826021
639920753
310768861
168470078
276410466
89015509
622039046
96064108
616085078
994625611
64792459
327656138
919712700
654975995
948887413
441922577
101054121
24076757
998096923
140155347
975500339
490847610
74408722
442566729
649542941
169183669
538926119
473538109
343894962
426033393
984717225
698714707
700112619
831321683
662507025
606220657
527189978
420473249
161381004
447816761
86222026
569260497
686944656
830777065
783559658
607364819
47268767
400787103
790196290
229347025
369989680
835734942
142109306
949669941
761690410
178580134
933525314
355914187
385305056
333545729
58153177
416721841
497533827
533520448
628905144
746640228
530867754
493491215
327858992
349124267
442392919
771722485
231058174
581116455
544455921
309844627
137683994
574428906
282232420
591472839
148188251
242320729
12913950
19140892
830585189
170453989
812487734
139463987
5028374
395061798
77453320
647791075
175587597
340572890
377592351
338448761
754252687
828745652
387383396
256270901
448818876
571562881
89539483
336144956
856519354
305869744
231839500
782540490
411156796
133863102
28353603
308009625
396954297
211315148
400465867
939338358
257998488
253587792
87872723
991245224
295279700
653325172
633454910
688928245
197791808
760225170
942798746
152387856
615998144
659243204
466781575
914799464
481800496
527410512
898585504
268622124
769940422
604672749
370095746
616649785
169602987
458067845
284868470
892998037
151171331
698637377
550266037
387173882
448340613
463417465
24157036
222986119
227889935
257714063
622177837
923448517
174543960
699282296
302198822
510027761
360716425
70025543
462276633
659202371
591836892
979952366
608186235
414886596
702889874
370522542
780930344
651138722
146330062
200005531
650603626
454200244
713598179
592057961
209168500
547946277
508308160
938864442
659245569
689479489
526167745
677212117
617001752
969011420
199839740
172525464
661633277
723035148
360096059
641504995
646953493
610173346
518250474
213136523
28741137
808880802
853596352
25576695
628755158
415013156
512068947
977745722
146541318
508028866
726466989
787141481
550437222
702670213
104319710
126559527
485526916
384551099
253662028
58721636
152955366
276398519
17204241
10014552
845323529
42864562
215158422
125891813
673456780
81844319
268229363
471351450
122653453
236304291
897357738
347971001
580212296
722027252
955825305
589458603
312872646
804709986
146799614
890427451
697887510
180168385
993579403
172119890
206661126
303454851
117854556
461171284
894358621
804323035
300242793
478140488
37243126
89223233
838407144
228013546
502588803
584487360
220061928
872697510
483355094
110071119
25173589
613037605
342511195
781921711
680933033
215568334
397469135
583125382
85308749
443797589
364920302
198893494
465723827
86902063
888608908
677348003
765723712
872856965
196458184
707080215
118806398
108641378
850076581
29770559
91179214
541970823
167158697
235975769
971197294
157962199
275939852
388804434
879839940
643072971
116348177
166955680
5885136
410902703
55440771
535829939
721571977
36884654
289311734
40267861
145602993
415479789
760444376
417087264
340730316
491325181
850003829
355483678
248676635
79040048
423089478
478233691
601206715
368350822
331130554
36514399
713554584
333703317
71111381
916899955
355169178
220474583
225076975
986787
824862593
523324368
683144852
252071855
319528936
344490111
913509152
694424114
357540662
439968411
669140678
496584115
275743754
460656912
846760218
759353520
882886652
277342949
845936588
313616291
646027818
628063986
719670312
634337513
612646293
240840322
232062329
474764214
357887820
219768535
581316253
56054453
81132607
648809913
187426303
720412106
447898868
219000250
357301595
669499060
385374139
587163569
404960527
188153310
370041192
736342634
517004221
316101608
8202163
58442956
913714397
279498897
319368652
800401959
999621299
572338216
810560253
617505468
800244379
238480956
647835723
279132954
53465520
793722137
578438738
353631903
568229129
729156217
996917055
821320314
634147769
990794105
177397956
977294629
563976979
695147160
113892475
819986439
332220644
813105798
974376277
417211567
615986649
610861142
118587288
358088623
435020964
595921603
822561756
932391525
673198275
4603209
512787649
582384014
504497253
132532200
800594076
715580944
530772120
820513030
24258049
231446090
916491918
510402875
531687106
908795665
891475624
234800325
90636435
148180483
628971954
512610094
281408196
83910704
241358466
677298801
583864444
647771181
750317633
620909953
282686765
72851306
511496919
558327023
558826030
361891865
316809754
273763812
858902958
384493723
314647212
398400521
346700296
199295990
294862862
769943359
449521045
945244399
109557013
842834032
838753017
217040244
639591995
862355497
894682452
749835119
334101007
510723365
396165366
295187481
4717684
271265926
704842417
69671112
45865557
791045893
520396472
632264648
740361412
130015154
527569465
644705771
126648391
682945183
44073458
216828281
83349839
491678249
318204061
937323895
152834698
163957038
117100434
822171399
951191435
73886371
873447010
365247249
110680823
143220176
202801918
22103743
525094895
769837312
53278458
939285420
686590722
597614376
320994934
960610374
120197702
243615690
772952179
446275578
558499911
702217420
934245916
145412748
862632567
60805835
502965370
805651443
343820135
215825682
423938424
706438824
966129678
85693595
939058720
294263590
522154329
568287302
918588974
464612629
670191428
289250686
528193058
728635206
535503320
934991148
872975601
883444154
913605325
765606536
700259318
427034685
141662712
823887700
300510842
243044886
517086023
107339220
172628870
605130567
599854762
140027440
59557372
429595352
289481643
848820690
64774345
258473068
232341665
643445261
16219873
662270219
863159488
504832211
180960750
73454613
493921861
4268692
993967400
45401082
282667576
238672482
815254472
807937443
849981612
985324442
439294002
171994587
289521891
107700339
589268744
937592516
808255155
950970022
919109652
735168265
633153554
112294015
788162736
212901449
803671049
686994290
211225359
456898506
348660192
340127408
382236153
931670170
644201634
704367138
523557736
543987853
122428961
626806524
531617826
804301712
645326332
401431273
939031782
230482389
90715274
332247432
511619900
866384545
665978196
802373121
365433480
898676797
693330894
109792232
492185478
752340951
428494208
763748346
352392175
948688220
749790455
498655277
66344650
507222037
196027222
891405339
976166552
438283590
382687009
127288889
285613669
521159708
415678940
102927785
93077385
121962777
152781970
957705313
30597653
24149249
957731393
60650745
273245463
99262772
735616947
455241601
376626930
499153521
346764628
581753602
388537846
993908187
346770649
342147846
765711374
21134470
26417845
547122000
592136638
949887025
265270464
103550528
395696073
695562538
287850725
604816
411889588
293704667
489319553
812756875
572064186
141897279
144836084
763387729
324626274
260568760
262824381
178986754
713005069
565465580
948780719
721724912
516812251
146325250
853696471
156192797
247048324
939078440
119695681
529088246
636458167
626908086
417348538
54622759
905782173
556365088
985484260
37092777
762460524
38170322
862672431
722024255
640924421
899262847
900759037
995216716
731521027
546351636
283033092
810170739
381674820
223887345
400768054
520893537
560854246
378179318
670370935
